2048
2200 -1800
-1780 2340
900 -1234
-3108 -1234
-3108 1234
-1600 -2200
1000 2734
1796 896
-1622 1964
413 -262
1427 -540
-84 -181
609 -561
3000 1800
-1437 933
1029 -66
-198 -436
-1628 -811
-406 -758
177 9
1283 -953
565 1563
-1488 1237
-922 -992
-1295 -29
336 -903
248 1462
660 -936
-113 -26
653 26
-928 -193
1629 -757
445 555
-769 1726
-538 -125
1529 -762
819 -687
475 -36
-837 117
248 379
-1596 900
-1823 1520
13 675
-886 -196
-593 2000
-151 1119
-2000 -357
1723 -378
-66 1865
-454 737
768 327
726 -891
-180 1428
1385 1109
-462 98
1774 1757
-480 493
728 202
1973 1121
-80 -224
298 1139
-1220 -966
1292 972
396 1509
-176 -99
1265 -193
-1903 1037
-1864 -809
1043 762
-374 1829
1985 1158
1289 -290
719 -945
974 732
-183 -254
-1760 687
1804 -19
-104 1759
-1245 -560
-507 -92
-36 -234
856 -299
1598 -683
633 1293
-670 1770
195 483
-511 1929
1749 343
690 532
-944 22
-323 -736
67 -334
-339 -955
-1449 336
-1043 1086
-839 238
-624 352
1574 -831
1456 -556
-1336 -731
-1150 -581
593 511
427 -875
38 1719
187 855
1839 -579
-1817 954
919 -511
-526 218
-799 -60
1128 152
427 360
1232 1290
-347 1689
-1652 -987
-1234 305
1685 1512
-451 474
452 1363
-1085 1067
1591 128
1351 -548
-1252 -123
-72 70
-395 974
-1394 596
1515 1779
-783 1719
639 1930
-675 461
-543 1980
198 926
1676 277
1035 1457
-1036 417
-996 1484
-1798 286
120 -125
1213 -1
-795 1838
-315 72
888 -210
-386 582
-449 278
975 144
-1478 58
-1228 -821
-1102 1163
-133 1620
1069 -280
-544 -854
1516 1832
-120 79
-1032 1066
54 1556
-224 1358
-1682 -552
-1323 -29
-543 843
-200 -195
713 -653
-762 -453
702 1204
-844 793
-804 1589
-488 1386
324 -854
1757 -227
-657 1174
-1476 1110
1835 -309
-1728 300
976 310
577 158
-1918 1168
647 -162
-234 -19
-1322 801
-1547 1689
-300 1791
-966 1529
-784 -5
384 1932
1624 953
-593 -682
-423 912
638 1204
-12 -390
-112 42
-1498 1990
-905 -492
-823 178
1775 -24
-742 1638
472 75
595 571
4 559
691 1570
317 1347
1475 -376
1955 113
1749 -677
-1096 248
1766 -333
-1318 -585
971 -38
-102 -139
-139 1161
-1439 1347
786 547
-539 -273
1128 -87
1895 -184
1308 -699
-1614 -425
1927 -45
-56 -411
252 1583
-879 -673
98 -2
1264 248
-1332 1823
-1223 604
-1532 -608
1971 1564
-708 -569
-1419 -678
788 372
1600 -486
1817 -720
1632 335
1358 18
1835 -108
-1553 811
1346 449
1157 1447
1248 -410
-1367 1880
1682 1920
-1124 1953
1386 1493
-118 154
127 -897
1483 1153
-594 778
-461 1579
-1699 -148
1445 661
-1582 1781
1241 -113
816 288
-81 1669
-963 -556
1736 357
289 -681
-1465 -830
-613 527
-1800 1258
-1666 -149
789 1544
152 -469
1322 1425
-282 702
-1307 -18
781 -661
-1259 1627
-542 277
-637 1979
924 -625
83 -227
-794 -582
693 -853
-1978 662
1174 -474
1414 -656
1604 1373
67 770
1453 439
-1180 -446
1595 -533
629 746
-1916 -14
-417 533
-1617 53
397 511
-12 -894
-899 1540
1273 1906
-1966 29
442 1814
1020 1917
1792 -73
63 -576
-98 978
-315 842
-1935 -245
-1878 425
1926 -759
415 1220
-1133 -134
1098 1912
1631 371
-1952 1810
582 1913
-1767 1904
-1368 -697
-1044 246
1155 -390
30 720
227 1541
-1613 1172
-31 1634
3 1606
81 -707
1866 -251
1577 -422
1223 276
-1693 -589
-91 822
11 -459
-1012 1718
161 642
1024 -358
500 311
377 -139
1907 714
1953 -857
-1700 104
-201 1867
481 -574
-1827 -531
-1991 1381
-81 -506
1290 -307
-1495 412
697 1815
1585 -303
1742 669
1039 1796
-356 956
-1937 -85
-95 1249
274 -228
1122 733
1227 1427
-972 790
219 -912
-1940 -137
-1655 416
353 669
-633 750
-1077 -50
1836 -730
-420 1306
1664 -507
-1206 929
909 60
223 841
1857 -654
-1085 988
935 87
451 1697
-449 360
-555 -681
957 77
1974 484
777 -756
-590 1325
-892 -370
-681 686
-1906 671
-618 -159
-1260 -691
1264 921
150 702
-1401 -56
-1999 1594
1931 813
790 -600
735 1425
53 -158
-1976 1255
1810 458
1141 550
-1913 -162
1948 818
-1420 287
421 1124
-1207 1345
-880 987
-1420 1827
215 891
-1833 294
-380 15
-500 1106
-789 1661
1963 -929
745 -241
-24 -630
-1236 1967
517 1384
269 850
-1302 594
-57 1790
534 606
-486 -177
-202 897
1792 -206
-170 -444
-1847 845
-369 1147
-1076 616
202 1666
-645 320
-738 268
-1823 -665
-581 1130
214 1935
1353 327
1257 1313
-1230 576
337 1439
1916 1046
1981 330
-20 -726
538 1857
-1006 155
-761 219
756 -452
264 -646
364 1408
719 -817
1063 1236
-795 -295
1225 852
304 896
-236 -844
672 1747
1507 -214
-668 -893
-842 178
258 774
-1377 709
-739 1306
996 790
336 429
1854 208
691 -415
-1563 270
1703 1605
1885 -364
972 563
-618 -787
-217 -42
-1667 -643
1276 510
74 -787
1285 214
-1432 583
-275 -238
-845 -451
-546 -442
1645 1365
451 -395
-516 1802
-1123 -808
1808 -460
-1650 1784
1630 1834
669 -785
24 340
-236 652
1230 -745
-187 1563
-502 983
1347 452
1664 202
-1967 -207
-1147 490
1012 777
-1592 1673
-1043 1999
-740 -75
1255 -707
-270 1939
697 -508
1409 815
-1549 743
1616 1234
897 1063
-307 1958
83 616
1827 -432
1362 -540
1541 -897
-56 652
-483 828
-379 244
1907 1129
962 -533
816 255
236 159
392 1455
-1686 1368
1590 1895
-64 -782
1588 -269
-1012 961
134 -146
236 -157
365 1209
-1638 1220
-1929 -204
-1163 64
1092 -988
1058 -719
234 -205
1437 90
1911 -92
793 68
-1517 1878
-1432 -670
-1243 1232
-1085 -769
662 390
991 1368
-571 1905
-818 -340
3 225
373 -748
-721 886
849 1736
959 853
1366 43
1500 734
1312 1789
1992 1477
1226 -192
1093 744
-1047 1444
1489 959
-941 1210
1576 468
157 -306
-1509 1024
103 1536
-1015 610
1808 14
-283 29
-912 669
-970 -283
1006 1453
823 171
1758 923
-140 886
1325 -393
-417 -464
346 131
-1061 1496
-1944 786
741 1894
-213 -200
-1049 1545
1949 1306
841 438
-1337 113
-1620 657
243 242
-1292 -791
838 1366
-81 1365
1488 1392
-1705 45
1689 -415
-1675 669
1530 -666
1433 361
-256 -696
-312 -88
-720 1478
-1012 1340
971 1768
-1996 1243
-17 -981
1719 584
1426 1305
1407 858
-1713 290
-239 1042
580 242
-1572 894
1483 -820
-1426 224
381 1093
-651 326
-63 214
-424 -384
-247 -823
769 202
-72 -792
260 1547
1826 1419
445 259
-1113 712
-96 1822
1014 1487
-1377 -311
477 -395
-341 -944
-963 1992
1864 1127
854 -852
-7 467
1102 568
-37 513
-266 1005
-1073 837
-958 930
-1047 101
134 -425
1554 893
10 315
-1651 1390
-1163 -132
551 669
245 1002
-1917 -269
-459 785
1766 629
1943 1992
-1275 -638
-838 -52
-1771 1403
242 768
-1771 1626
-1904 543
-302 1254
-1884 750
1265 1838
1160 400
-646 742
-1098 -882
367 1895
1605 960
-1457 814
1607 1458
-1362 1312
947 -599
1706 -881
-150 1324
-795 1008
-912 411
-418 673
-1114 -91
-207 1719
941 -617
31 -907
1360 248
883 -898
-787 1752
763 165
480 833
1144 1280
-1140 434
789 -383
1448 -368
336 1913
-82 -284
-1535 1905
-353 -843
-1991 696
-1718 541
-898 -257
-1684 341
-56 1614
-1944 -526
753 829
2000 1372
955 1232
-1170 1563
-1003 136
885 276
-1678 -507
176 914
900 1876
-111 1434
1603 899
1774 -509
-836 -747
1795 55
1470 718
705 844
-1770 1171
-814 1243
687 -496
371 -287
-1685 633
298 -122
1169 -264
1153 -827
5 -831
302 1903
1997 -165
560 1690
1847 1138
558 1858
-213 -481
-235 370
-1892 -576
1738 -882
-1771 -921
-592 -104
1469 -612
1380 1222
1866 -472
1958 -659
-995 1383
1175 -297
-1027 480
-317 1007
462 1232
555 1512
-1312 234
-216 427
871 25
1057 1285
1313 -997
340 1733
1020 1203
1084 87
-1057 -874
381 644
1313 798
-595 956
-1414 1140
-1117 1764
1015 -265
-217 1892
-305 1661
-1445 120
-982 214
-1872 940
1849 1021
356 95
368 1403
-1786 1010
1420 1069
-1768 -231
-430 -314
-1610 49
-1449 1484
366 1582
-245 -258
1026 1138
1392 940
-701 383
-428 634
-1591 672
1034 -3
357 915
699 1218
-61 184
-724 -998
808 840
-1560 641
-354 607
1761 -8
-976 -60
-513 -664
-17 1412
71 1852
327 115
-1970 -634
-1860 1258
368 -253
-526 728
-234 538
857 1706
-1563 -304
944 1099
1677 878
-97 304
1542 -346
-551 1982
1851 1960
-1193 167
-1067 0
-1697 1880
-882 1911
-700 855
-1174 -137
-1087 858
1472 1979
813 -829
144 1859
1625 -975
51 339
-510 1774
-870 1028
1013 801
1565 959
-1132 1364
1139 878
27 686
181 1357
-1641 1713
-881 1392
-732 1315
-687 -217
607 1670
-979 974
-1061 -183
726 1185
-75 685
-394 574
602 1129
1008 1933
766 -194
1167 1138
408 -901
504 -651
-1801 -538
1354 586
1446 1783
-427 -432
-1402 1877
-1258 849
-769 483
11 1621
1941 1404
33 -363
514 1399
1660 615
859 793
-1614 -86
1042 1439
-1607 944
-1160 61
-1254 788
-1660 1740
424 1406
1796 -494
495 1075
61 78
872 -273
-1002 578
-173 1840
-814 -930
1635 -180
-177 656
1317 -282
1526 -3
-1514 223
662 1887
1606 1483
-1869 313
1489 1049
-771 638
-345 1092
751 1386
-503 268
-1664 -945
1407 1514
-1627 -643
1805 -516
-1203 1205
1030 919
-139 422
1401 -489
-318 -780
1091 1260
-861 1560
145 1744
118 1327
-1328 -499
-454 1926
-1620 -648
250 -190
-1205 464
125 -925
-709 1339
1575 1424
-533 382
1937 1435
-1743 202
1196 1349
-1664 214
-132 1091
363 1681
1191 -677
1018 1904
-1298 1337
939 -900
176 2
-119 1420
-1589 637
-1099 477
-1199 36
-1115 -515
598 1593
-370 -96
-394 1162
1438 -258
-1570 -770
-644 -790
-1650 895
-1503 -715
-1841 -23
355 952
161 385
-432 -151
-1995 1848
-1782 1464
-876 -385
1769 1064
1106 1726
-1849 -465
-918 -220
1756 1862
-1033 1333
-1498 252
-439 -110
1183 -437
1798 -429
421 320
105 -755
-149 1094
1128 550
1654 307
-712 1772
-1807 -441
-871 680
1610 60
690 908
-880 1894
-1700 -256
1117 944
-274 978
1444 72
1371 594
-943 1471
1555 1887
-1202 1901
-768 -288
956 1185
-195 -994
-1153 -345
-839 1953
1752 -770
40 458
261 -790
1302 -732
-1463 1963
548 151
-676 1655
-1647 280
630 -417
-1994 -558
-479 1630
-118 516
797 373
-1837 1486
1101 1738
365 40
-330 179
-1998 1425
1053 -867
1266 -22
-993 1343
327 545
451 1244
1941 1979
867 1134
-1302 1428
1295 -444
8 -822
-1521 1148
214 -170
383 -540
-1894 1620
-1876 1745
1237 1551
-1827 267
-297 -469
-563 -594
729 1059
910 75
-1978 1743
1633 -239
-374 -763
1338 302
275 1842
-122 964
1435 -926
892 1594
-711 1132
-905 -225
-1075 -769
491 496
858 -344
-819 487
955 1903
1476 -283
-186 491
498 1959
-1335 729
1215 974
983 -976
-302 1720
1238 -570
1641 669
-398 740
1378 -548
74 1331
1331 -99
-604 345
-1847 1292
-555 1879
-1994 1638
-1569 1682
1225 155
490 -602
1180 -685
-1724 -90
-875 305
952 1811
1517 -404
-570 -652
1130 -710
-449 594
-270 1498
351 -146
1737 304
-78 -125
1455 1852
283 574
1933 379
1035 1793
1756 1430
-470 1886
1267 357
507 1393
92 305
1713 -590
1928 -641
605 -138
-608 1493
-219 1213
1000 464
-1442 1975
572 -232
-847 -864
311 1106
477 206
-1821 626
-24 -871
1418 -424
1119 -73
1515 396
-961 -236
-762 -989
-1672 1456
-400 -237
255 -722
828 397
128 0
231 -904
-470 1270
1244 -774
295 647
1865 1632
1830 1197
-231 138
-1454 -410
-1079 1830
-1803 -801
-617 1330
-1402 -650
1680 53
-1424 406
-351 -54
1111 -718
-1322 -947
853 271
147 823
-589 1866
29 -684
-1966 1420
-1456 1125
-224 1374
1332 599
-15 883
-1901 978
710 1671
-1569 -550
307 -851
1489 -910
-1927 1959
429 1080
576 1008
1239 24
1624 1183
-1931 1184
-113 -1000
1042 -377
1060 277
1538 1533
-1289 -418
6 1664
-501 1490
-1118 -298
164 -724
-1133 -829
-271 -67
-1711 -5
1121 1249
1821 1804
1802 -201
-193 1713
1447 533
385 479
-731 1676
1770 485
983 -510
-376 1935
1811 1246
-1280 1792
759 -133
505 1766
1085 376
-1814 869
1744 -853
1651 717
-83 -697
822 -172
-1576 1385
-1008 695
-1791 -551
1963 128
1520 1313
1706 1080
-407 1224
605 -722
-146 233
-1071 926
-1264 1152
-985 -780
-1400 329
822 -968
811 859
1989 105
-1269 -979
255 56
984 1022
35 -692
-994 995
-483 1243
1432 207
-1178 -879
-1946 -413
-529 837
1957 300
-1063 -858
-1593 -22
1710 -597
1150 931
1069 -636
-1031 1893
-1246 -328
-1903 -704
-300 268
1880 1700
-685 1538
987 -110
-1906 -492
-568 492
439 72
-1137 1818
-138 443
-1432 1251
-1672 1997
1428 -142
-1415 -427
-1367 683
936 1605
1174 827
-1705 370
1210 81
82 1455
-1943 1899
-315 1800
-539 -298
1783 289
-1514 644
-56 -526
1253 1054
-1869 1495
-1312 1300
-1343 1729
-96 -923
1919 1393
52 1266
1687 1600
1524 560
1177 1156
-288 1699
1774 -715
-1372 1020
861 -160
745 -93
-644 1530
1545 1567
-55 1765
1656 -838
-1541 1433
-483 1682
-1458 1370
-1542 -854
-1118 -165
287 161
626 812
399 -335
208 521
-674 -205
1323 1245
-1982 -518
-2 1700
1406 -563
590 811
-313 -899
-1090 1073
1430 -332
-1178 1873
1795 109
1810 519
678 1470
13 1784
1140 1483
-1830 351
-1050 1712
-704 1946
1073 198
-950 -893
1228 -880
1677 -900
430 -175
-733 1801
-18 -805
1675 -990
-1157 1163
-549 -33
29 1156
330 1373
-1008 1581
1938 611
1267 1510
1058 49
1718 1694
-96 -728
333 -353
-587 895
308 -44
1340 872
421 297
-1449 -584
-1826 -91
1887 -38
-517 -929
-179 862
1870 488
-594 -710
1804 406
-1836 666
-1824 -938
-1768 -572
578 901
1980 -15
-1064 -881
316 56
-1709 1086
1855 -188
-1871 104
-1330 1802
1497 -463
-964 -211
-677 1502
-1538 -146
-1689 1604
718 885
1652 657
-880 -964
-1738 1685
1021 -785
-1837 643
-1226 608
-190 -11
-1318 171
251 -842
1840 1659
-1778 257
-1449 -898
581 647
421 1161
638 -859
-668 -573
1635 1152
375 466
-256 -908
-50 1782
1966 1809
1863 672
499 1361
273 -896
-1343 -899
1836 1882
-1831 1674
453 1339
-87 124
-1989 -839
147 -975
909 -770
1953 1711
635 781
780 -745
-1059 1334
-63 1501
389 1949
-1397 -992
-1492 1211
-743 -76
78 790
1643 -508
1955 -449
-658 1547
117 48
-776 1352
1198 -850
-809 172
538 1014
-1214 -365
-594 1761
-672 -120
1378 -544
308 740
1026 1617
-1152 -598
-1926 33
-1879 -663
-1525 853
-1012 340
-1703 -55
1633 1898
-1759 453
-1417 1802
-1582 -423
-210 389
1084 -456
257 1978
1466 1182
-1536 -645
999 1552
844 638
-177 -804
-714 297
-1686 -646
600 1444
1205 525
-1426 795
1322 1030
-564 646
-338 1490
1318 -585
-1301 -808
1876 1960
1680 1370
-210 425
667 1698
-1578 790
1967 872
1935 -909
1283 985
-1378 -147
1165 1708
96 1292
1172 -32
396 939
1961 -890
-1036 1155
-1624 -548
1774 568
1004 374
-412 660
-666 -578
593 1476
-394 1234
-1096 1145
-257 1632
-1067 374
1503 1774
-346 778
-196 -388
26 -892
1578 -703
1671 978
-1369 892
1376 311
-1255 1856
1811 1831
15 554
-1997 1708
-1176 1611
1913 -31
-659 1610
1903 366
814 50
1471 1197
966 1205
625 1696
579 1076
1609 -213
-1305 1889
371 1764
1323 1837
-1671 -610
-525 -284
-317 715
-1957 1562
339 791
1907 1783
1975 1562
-1122 -538
-1926 681
-1984 1194
1916 -743
-473 1784
1209 213
17 1822
825 857
1179 144
738 762
-1542 -733
602 144
-1946 229
-1486 930
729 1777
-41 4
1828 -918
425 -341
-263 204
770 462
1263 -168
795 -437
1811 1800
1326 1663
-1805 -29
1086 -949
-961 819
196 1617
-1293 -63
-604 530
281 -700
-706 973
1154 1797
1886 -955
-1013 476
-923 1627
-738 1076
-877 -541
-159 -110
1201 -932
1779 933
-628 -146
403 306
40 1457
-1157 394
921 -160
-1006 -335
-223 -347
189 692
525 1635
-1338 137
17 1813
1566 1737
-1484 -332
1160 -442
890 -938
47 -703
-786 1838
1373 1953
-1717 -360
-1008 1158
1342 -166
-840 1328
199 418
794 1661
-814 -602
1919 1369
1022 1351
-1495 1329
354 -865
1337 656
1395 1799
1372 -725
-360 709
1971 311
-398 -409
1695 560
1225 536
-1019 -18
-1157 1378
1722 136
-1231 -860
1191 -751
1411 687
-417 -304
652 -171
195 -260
-1167 383
1123 474
1511 -899
816 -896
1206 781
1017 286
552 1714
1073 496
-1781 189
-934 312
377 1284
-615 452
-217 -999
-1345 -376
-644 1360
1560 237
-360 1753
-664 293
1151 368
333 462
1894 1630
1130 419
114 -472
-159 996
46 430
471 -268
1277 1505
1540 -349
1151 243
753 1580
-583 850
-14 1054
-773 4
-1430 550
-1403 1171
-282 1156
874 1361
1066 -127
1318 1649
1018 1513
1639 1078
-172 -585
1361 1259
729 312
597 266
-1234 587
325 1695
604 -393
-1234 1377
1342 -421
-1507 1234
1084 1521
-1153 -836
-561 1238
1239 668
-980 -642
1890 -579
-1612 1092
1707 55
-1547 1893
-876 -343
-14 2000
-1587 1888
1512 1017
-321 -796
-1022 1031
1690 853
376 1801
-909 -114
-698 -59
-1254 849
-206 1800
1179 -306
1515 -655
-274 -236
1752 1451
-637 1217
873 1782
-1313 1097
-321 1360
1445 864
-120 -722
-1698 -141
-1541 -701
-1109 -819
1714 1734
-1201 -630
1473 566
772 1747
-1046 -793
97 -317
481 -785
-223 605
-1428 870
-866 780
-1377 113
-592 -693
1962 167
-1011 -498
-1701 -681
503 970
-1261 -277
1490 1811
-1636 -500
1118 -11
-1395 1626
-456 1289
-1063 313
-1681 1143
1318 443
-527 -389
-1095 -193
410 599
-593 -515
-1907 -536
-1112 419
83 1481
1724 -280
1819 1865
-200 1723
-479 929
-1886 -11
-1608 1836
-1107 -36
-161 934
1484 1805
34 -904
1061 -297
806 459
278 943
1286 1509
905 1294
-1073 1098
-1185 1378
-1992 -21
-407 543
387 66
1102 1094
141 1293
70 1375
1653 -202
166 976
-1240 1164
191 1225
-1590 784
-71 484
725 -805
1653 -500
1204 372
1864 937
1712 -411
-1526 -639
104 983
-427 1485
1492 465
486 1751
-1779 -93
-53 -725
1704 1210
1338 145
-655 -426
1157 1991
-1006 -440
262 391
786 -467
1572 -216
-1369 -829
516 1726
-871 1877
987 -122
-1300 1042
1983 -19
-386 -583
-1095 842
1724 1723
-1088 268
-1472 994
389 944
-1430 631
-676 1758
-506 -124
906 1060
-1355 1612
668 -999
99 -90
-754 -230
1146 101
-1416 1442
-24 1994
-1335 1648
1863 872
365 1384
-398 1864
-1465 813
-1001 382
-924 740
-645 -273
-1188 1627
1849 1245
-1620 -61
-1156 1920
-1698 1182
-1057 -151
1101 1426
-116 -752
-449 1684
1067 -721
-858 -763
-1340 98
-185 530
-1850 1511
1111 1800
383 1717
-1153 -990
144 -465
1145 1225
1783 237
1469 -875
-727 -773
-730 -460
1012 -391
-593 -92
1770 1257
-771 492
-570 103
-709 1637
530 -430
-1504 658
4 325
1338 -618
-69 -232
606 -506
-1830 -232
-1274 -548
-701 1736
1165 -313
700 -710
566 -335
-1783 788
-710 -181
-1553 -438
-39 -327
-684 644
425 1217
1056 -847
-1178 -542
1484 -954
-1104 870
1637 331
292 648
1552 849
-1656 1293
1568 607
-630 1037
1204 562
-990 -325
-1686 -624
-1238 208
771 1063
1748 511
-1363 -513
1613 -864
569 -541
1470 1087
-990 886
30 1459
410 -830
156 -746
1409 1772
-1428 1028
769 -690
-1427 1176
-136 -898
613 16
-1695 1575
-1891 2000
-1576 1590
-1199 -734
-700 -528
-758 84
315 -994
198 -456
-1569 -750
-955 -832
508 857
1701 633
-53 -945
61 -81
1152 -557
-191 -77
-1826 359
690 1074
1877 1182
1658 -979
550 397
463 1512
725 701
-1709 -1
-264 -512
868 821
-1840 638
-605 -651
-240 308
-1054 1704
57 1106
-1797 113
1199 1919
1060 1295
1745 -84
1248 720
-1735 1923
1453 1815
-1976 -523
1606 1695
-1586 926
-485 809
1865 516
-981 -548
539 680
-410 1767
-1476 291
1828 -533
1462 67
662 -534
1856 -2
626 -5
-426 30
-1737 1115
1581 -577
1969 -513
505 -136
-1952 1346
1450 -586
-540 427
301 -923
-64 1975
-1035 -347
-1977 952
-686 706
1514 1916
-668 891
206 972
-1708 -941
-553 1704
-45 1006
-173 1763
1058 -281
459 587
-339 903
-419 1780
-347 327
-1119 1719
1641 -901
-275 -356
170 1695
-219 -76
1064 -630
987 -357
-935 294
1237 1961
-650 1457
-1544 149
-921 -318
485 1410
-506 462
244 179
1631 20
-243 1315
291 -711
1633 909
985 -617
-1708 1454
1248 1175
1805 1821
-1513 -741
736 1377
-1228 433
-1917 -219
-606 -322
1720 795
-1407 -992
-401 282
1883 1225
488 708
1848 -578
-1808 1950
114 1537
1103 -567
1663 1360
71 179
-1748 -362
-1914 613
625 -420
104 465
-1488 -391
-15 1085
1428 154
172 1321
714 -803
219 -986
-1443 1785
1772 -485
746 1207
-447 444
1998 1692
-1656 1550
-1563 -119
-1762 1432
-1893 1976
929 -293
1681 246
1165 526
1408 1234
1815 9
-1332 1371
4 71
-293 1614
-127 1095
458 473
1021 448
1866 1472
978 451
66 1613
1077 -862
-1026 434
-863 1677
-1155 1362
-607 757
-502 -95
862 -760
1638 -265
-1092 1396
-191 770
-754 1899
-134 153
481 1283
-29 723
489 351
-845 1544
1300 1559
532 -304
-545 1523
230 476
-1509 1424
-614 -984
-181 -951
1845 -519
108 590
-1610 1111
1409 991
-1254 -946
1234 -995
229 -852
491 859
-1329 1272
-409 1863
815 216
1161 -67
1031 -265
880 658
-387 1167
-85 1722
642 386
-392 66
-1801 527
-553 307
-1039 -245
291 -922
-1584 650
1950 463
151 -864
-772 -466
356 -734
-677 1707
534 -801
-1006 344
-705 -73
816 -613
-1971 24
-432 779
309 903
744 1398
-1668 1717
1013 886
1850 1975
-49 -763
1973 -178
625 1503
-101 672
1986 1470
380 33
1334 -484
1070 481
-95 894
-812 -416
1846 640
-769 189
1032 1507
1901 1853
-1469 1308
650 890
1922 -812
66 -526
811 -629
1362 1486
-1389 -14
-351 396
952 1326
991 602
-1671 1286
55 1347
1375 -208
1923 1519
686 135
341 -695
1194 1810
-1972 905
-689 -304
67 -50
811 843
540 1495
-1591 -494
-708 1283
-1938 -111
-1316 1047
1129 389
47 1675
431 -947
356 736
543 1728
-85 87
 






































































































































































































































































































































































































































































































































































































































































































































































































































































































































































































































































































































































































































































































































































































































































































































































































































































































































































































































































































































































































































































































































































































































































































































































































































































































































































































































































































































































































































































































































































































































































































































































































































































































































































































































































































































































































































































































































































































































































































































































































































































































































































































































































































































































































































































































































































































































































































































































































































































































































































































































































































































































































































































































































































































































































































































































































































































































































































































































































































































































































































































































































































































































































































































































































































































































































































































































































































































































































































































































































































































































































































































































































































































































































































































































































































































































































































































































































































































































































































































































































































































































































































































































































































































































































































































































































































































































































































































































































































































































































































































































































































































































































































































































































































































































































































































































































































































































































































































































































































































































































































































































































































































































































































































































































































































































































































































































































































































































































































































































































































































































































































































































































































































































































































































































































































































































































































































































































































































































































































































































































































































































































































































































































































































































































































































































































































































































































































































































































































































































































































































































































































































































































































































































































































































































































































































































































































































































































































































































































































































































































































































































































































































































































































































































































































































































































































































































































































































































































































































































































































































































































































































































































































































































































































































































































































































































































































































































































































































































































































































































































































































































































































































































































































































































































































































































































































































































































































































































































































































































































































































































































































































































































































































































































































































































































































































































































































































































































































































































































































































































































































































































































































































































































































































































































































































































































































































































































































































































































































































































































































































































































































































































































































































































































































































































































































































































































































































































































































































































































































































































































































































































































































































































































































































































































































































































































































































































































































































































































































































































































































































































































































































































































































































































































































































































































































































































































































































































































































































































































































































































































































































































































































































































































































































































































































































































































































































































































































































































































































































































































































































































































































































































































































































































































































































































































































































































































































































































































































































































































































































































































































































































































































































































































































































































































































































































































































































































































































































































































































































































































































































































































































































































































































































































































































































































































































































































































































































































































































































































































































































































































































































































































































































































































































































































































































































































































































































































































































































































































































































































































































































































































































































































































































































































































































































































































































































































































































































































































































































































































































































































































































































































































































































































































































































































































































































































































































































































































































































































































































































































































































































































































































































































































































































































































































































































































































































































































































































































































































































































































































































































































































































































































































































































































































































































































































































































































































































































































































































































































































































































































































































































































































































































































































































































































































































































































































































































































































































































































































































































































































































































































































































































































































































































































































































































































































































































































































































































































































































































































































































































































































































































