1024
500 0
499.990588 1.840765
499.962351 3.681461
499.915291 5.522019
499.849409 7.362369
499.764709 9.202441
499.661192 11.042167
499.538864 12.881477
499.397728 14.720302
499.23779 16.558573
499.059056 18.396221
498.861533 20.233176
498.645228 22.069369
498.41015 23.904731
498.156306 25.739194
497.883707 27.572687
497.592363 29.405142
497.282285 31.23649
496.953485 33.066662
496.605975 34.895589
496.239767 36.723203
495.854877 38.549433
495.451318 40.374213
495.029105 42.197472
494.588255 44.019142
494.128784 45.839156
493.650709 47.657443
493.154049 49.473936
492.638821 51.288567
492.105046 53.101266
491.552744 54.911966
490.981935 56.720599
490.39264 58.527097
489.784883 60.33139
489.158685 62.133413
488.514071 63.933096
487.851065 65.730372
487.169691 67.525173
486.469976 69.317432
485.751945 71.107082
485.015627 72.894054
484.261047 74.678282
483.488236 76.459698
482.697221 78.238235
481.888033 80.013827
481.060702 81.786407
480.21526 83.555907
479.351737 85.322261
478.470168 87.085403
477.570584 88.845266
476.65302 90.601785
475.71751 92.354892
474.76409 94.104522
473.792796 95.850609
472.803663 97.593088
471.796729 99.331892
470.772033 101.066956
469.729612 102.798215
468.669506 104.525604
467.591755 106.249058
466.496399 107.968511
465.383481 109.683899
464.25304 111.395158
463.105121 113.102223
461.939766 114.80503
460.75702 116.503514
459.556926 118.197612
458.33953 119.88726
457.104878 121.572394
455.853016 123.252951
454.583992 124.928868
453.297852 126.600081
451.994647 128.266528
450.674424 129.928146
449.337233 131.584872
447.983125 133.236643
446.612151 134.883399
445.224362 136.525076
443.81981 138.161613
442.398549 139.792949
440.960632 141.419021
439.506113 143.039769
438.035047 144.655132
436.547489 146.265048
435.043496 147.869458
433.523123 149.4683
431.986428 151.061515
430.433469 152.649043
428.864305 154.230823
427.278994 155.806797
425.677597 157.376905
424.060172 158.941087
422.426783 160.499286
420.777489 162.051442
419.112353 163.597497
417.431437 165.137392
415.734806 166.67107
414.022523 168.198473
412.294651 169.719543
410.551257 171.234224
408.792407 172.742457
407.018165 174.244187
405.228599 175.739357
403.423777 177.227911
401.603766 178.709791
399.768635 180.184944
397.918452 181.653312
396.053289 183.114842
394.173214 184.569477
392.278299 186.017164
390.368614 187.457846
388.444233 188.891472
386.505227 190.317985
384.551669 191.737333
382.583633 193.149463
380.601193 194.55432
378.604423 195.951853
376.5934 197.342008
374.568197 198.724733
372.528893 200.099977
370.475563 201.467686
368.408284 202.827811
366.327136 204.180299
364.232195 205.5251
362.123541 206.862163
360.001254 208.191438
357.865413 209.512875
355.716098 210.826423
353.553391 212.132034
351.377372 213.429659
349.188125 214.719248
346.98573 216.000752
344.770272 217.274125
342.541834 218.539317
340.300499 219.796282
338.046352 221.044971
335.779477 222.285338
333.499961 223.517336
331.207889 224.740918
328.903347 225.95604
326.586421 227.162654
324.257201 228.360716
321.915771 229.55018
319.562222 230.731001
317.196642 231.903136
314.819119 233.06654
312.429744 234.221169
310.028606 235.366979
307.615795 236.503928
305.191403 237.631973
302.755521 238.751071
300.30824 239.861181
297.849652 240.962259
295.379851 242.054266
292.898929 243.137159
290.406979 244.210899
287.904096 245.275444
285.390373 246.330754
282.865905 247.376791
280.330788 248.413514
277.785117 249.440884
275.228986 250.458862
272.662494 251.467412
270.085736 252.466493
267.49881 253.45607
264.901812 254.436103
262.294841 255.406558
259.677995 256.367397
257.051372 257.318583
254.415071 258.260082
251.769192 259.191857
249.113833 260.113874
246.449096 261.026097
243.77508 261.928494
241.091886 262.821028
238.399615 263.703668
235.698368 264.576379
232.988248 265.43913
230.269355 266.291886
227.541794 267.134617
224.805665 267.96729
222.061072 268.789875
219.308119 269.60234
216.546909 270.404654
213.777547 271.196788
211.000135 271.978711
208.21478 272.750395
205.421586 273.51181
202.620657 274.262927
199.8121 275.003718
196.99602 275.734156
194.172523 276.454212
191.341716 277.16386
188.503705 277.863073
185.658597 278.551824
182.806499 279.230088
179.947518 279.89784
177.081763 280.555053
174.20934 281.201704
171.330359 281.837767
168.444927 282.46322
165.553153 283.078037
162.655146 283.682198
159.751015 284.275677
156.84087 284.858454
153.92482 285.430506
151.002975 285.991812
148.075444 286.54235
145.142339 287.082101
142.203769 287.611042
139.259845 288.129156
136.310678 288.636421
133.356379 289.13282
130.397059 289.618333
127.43283 290.092941
124.463803 290.556628
121.49009 291.009376
118.511803 291.451167
115.529054 291.881986
112.541956 292.301815
109.55062 292.710639
106.55516 293.108443
103.555688 293.495211
100.552317 293.87093
97.545161 294.235584
94.534332 294.589161
91.519944 294.931646
88.50211 295.263028
85.480944 295.583293
82.45656 295.892429
79.429072 296.190425
76.398593 296.47727
73.365237 296.752953
70.32912 297.017463
67.290354 297.270791
64.249055 297.512926
61.205338 297.74386
58.159315 297.963585
55.111104 298.172091
52.060817 298.369371
49.00857 298.555418
45.954478 298.730224
42.898656 298.893784
39.841219 299.04609
36.782282 299.187137
33.72196 299.31692
30.660368 299.435434
27.597622 299.542674
24.533837 299.638637
21.469128 299.723318
18.403611 299.796715
15.337402 299.858825
12.270614 299.909646
9.203365 299.949175
6.135769 299.977411
3.067942 299.994353
0 300
-3.067942 299.994353
-6.135769 299.977411
-9.203365 299.949175
-12.270614 299.909646
-15.337402 299.858825
-18.403611 299.796715
-21.469128 299.723318
-24.533837 299.638637
-27.597622 299.542674
-30.660368 299.435434
-33.72196 299.31692
-36.782282 299.187137
-39.841219 299.04609
-42.898656 298.893784
-45.954478 298.730224
-49.00857 298.555418
-52.060817 298.369371
-55.111104 298.172091
-58.159315 297.963585
-61.205338 297.74386
-64.249055 297.512926
-67.290354 297.270791
-70.32912 297.017463
-73.365237 296.752953
-76.398593 296.47727
-79.429072 296.190425
-82.45656 295.892429
-85.480944 295.583293
-88.50211 295.263028
-91.519944 294.931646
-94.534332 294.589161
-97.545161 294.235584
-100.552317 293.87093
-103.555688 293.495211
-106.55516 293.108443
-109.55062 292.710639
-112.541956 292.301815
-115.529054 291.881986
-118.511803 291.451167
-121.49009 291.009376
-124.463803 290.556628
-127.43283 290.092941
-130.397059 289.618333
-133.356379 289.13282
-136.310678 288.636421
-139.259845 288.129156
-142.203769 287.611042
-145.142339 287.082101
-148.075444 286.54235
-151.002975 285.991812
-153.92482 285.430506
-156.84087 284.858454
-159.751015 284.275677
-162.655146 283.682198
-165.553153 283.078037
-168.444927 282.46322
-171.330359 281.837767
-174.20934 281.201704
-177.081763 280.555053
-179.947518 279.89784
-182.806499 279.230088
-185.658597 278.551824
-188.503705 277.863073
-191.341716 277.16386
-194.172523 276.454212
-196.99602 275.734156
-199.8121 275.003718
-202.620657 274.262927
-205.421586 273.51181
-208.21478 272.750395
-211.000135 271.978711
-213.777547 271.196788
-216.546909 270.404654
-219.308119 269.60234
-222.061072 268.789875
-224.805665 267.96729
-227.541794 267.134617
-230.269355 266.291886
-232.988248 265.43913
-235.698368 264.576379
-238.399615 263.703668
-241.091886 262.821028
-243.77508 261.928494
-246.449096 261.026097
-249.113833 260.113874
-251.769192 259.191857
-254.415071 258.260082
-257.051372 257.318583
-259.677995 256.367397
-262.294841 255.406558
-264.901812 254.436103
-267.49881 253.45607
-270.085736 252.466493
-272.662494 251.467412
-275.228986 250.458862
-277.785117 249.440884
-280.330788 248.413514
-282.865905 247.376791
-285.390373 246.330754
-287.904096 245.275444
-290.406979 244.210899
-292.898929 243.137159
-295.379851 242.054266
-297.849652 240.962259
-300.30824 239.861181
-302.755521 238.751071
-305.191403 237.631973
-307.615795 236.503928
-310.028606 235.366979
-312.429744 234.221169
-314.819119 233.06654
-317.196642 231.903136
-319.562222 230.731001
-321.915771 229.55018
-324.257201 228.360716
-326.586421 227.162654
-328.903347 225.95604
-331.207889 224.740918
-333.499961 223.517336
-335.779477 222.285338
-338.046352 221.044971
-340.300499 219.796282
-342.541834 218.539317
-344.770272 217.274125
-346.98573 216.000752
-349.188125 214.719248
-351.377372 213.429659
-353.553391 212.132034
-355.716098 210.826423
-357.865413 209.512875
-360.001254 208.191438
-362.123541 206.862163
-364.232195 205.5251
-366.327136 204.180299
-368.408284 202.827811
-370.475563 201.467686
-372.528893 200.099977
-374.568197 198.724733
-376.5934 197.342008
-378.604423 195.951853
-380.601193 194.55432
-382.583633 193.149463
-384.551669 191.737333
-386.505227 190.317985
-388.444233 188.891472
-390.368614 187.457846
-392.278299 186.017164
-394.173214 184.569477
-396.053289 183.114842
-397.918452 181.653312
-399.768635 180.184944
-401.603766 178.709791
-403.423777 177.227911
-405.228599 175.739357
-407.018165 174.244187
-408.792407 172.742457
-410.551257 171.234224
-412.294651 169.719543
-414.022523 168.198473
-415.734806 166.67107
-417.431437 165.137392
-419.112353 163.597497
-420.777489 162.051442
-422.426783 160.499286
-424.060172 158.941087
-425.677597 157.376905
-427.278994 155.806797
-428.864305 154.230823
-430.433469 152.649043
-431.986428 151.061515
-433.523123 149.4683
-435.043496 147.869458
-436.547489 146.265048
-438.035047 144.655132
-439.506113 143.039769
-440.960632 141.419021
-442.398549 139.792949
-443.81981 138.161613
-445.224362 136.525076
-446.612151 134.883399
-447.983125 133.236643
-449.337233 131.584872
-450.674424 129.928146
-451.994647 128.266528
-453.297852 126.600081
-454.583992 124.928868
-455.853016 123.252951
-457.104878 121.572394
-458.33953 119.88726
-459.556926 118.197612
-460.75702 116.503514
-461.939766 114.80503
-463.105121 113.102223
-464.25304 111.395158
-465.383481 109.683899
-466.496399 107.968511
-467.591755 106.249058
-468.669506 104.525604
-469.729612 102.798215
-470.772033 101.066956
-471.796729 99.331892
-472.803663 97.593088
-473.792796 95.850609
-474.76409 94.104522
-475.71751 92.354892
-476.65302 90.601785
-477.570584 88.845266
-478.470168 87.085403
-479.351737 85.322261
-480.21526 83.555907
-481.060702 81.786407
-481.888033 80.013827
-482.697221 78.238235
-483.488236 76.459698
-484.261047 74.678282
-485.015627 72.894054
-485.751945 71.107082
-486.469976 69.317432
-487.169691 67.525173
-487.851065 65.730372
-488.514071 63.933096
-489.158685 62.133413
-489.784883 60.33139
-490.39264 58.527097
-490.981935 56.720599
-491.552744 54.911966
-492.105046 53.101266
-492.638821 51.288567
-493.154049 49.473936
-493.650709 47.657443
-494.128784 45.839156
-494.588255 44.019142
-495.029105 42.197472
-495.451318 40.374213
-495.854877 38.549433
-496.239767 36.723203
-496.605975 34.895589
-496.953485 33.066662
-497.282285 31.23649
-497.592363 29.405142
-497.883707 27.572687
-498.156306 25.739194
-498.41015 23.904731
-498.645228 22.069369
-498.861533 20.233176
-499.059056 18.396221
-499.23779 16.558573
-499.397728 14.720302
-499.538864 12.881477
-499.661192 11.042167
-499.764709 9.202441
-499.849409 7.362369
-499.915291 5.522019
-499.962351 3.681461
-499.990588 1.840765
-500 0
-499.990588 -1.840765
-499.962351 -3.681461
-499.915291 -5.522019
-499.849409 -7.362369
-499.764709 -9.202441
-499.661192 -11.042167
-499.538864 -12.881477
-499.397728 -14.720302
-499.23779 -16.558573
-499.059056 -18.396221
-498.861533 -20.233176
-498.645228 -22.069369
-498.41015 -23.904731
-498.156306 -25.739194
-497.883707 -27.572687
-497.592363 -29.405142
-497.282285 -31.23649
-496.953485 -33.066662
-496.605975 -34.895589
-496.239767 -36.723203
-495.854877 -38.549433
-495.451318 -40.374213
-495.029105 -42.197472
-494.588255 -44.019142
-494.128784 -45.839156
-493.650709 -47.657443
-493.154049 -49.473936
-492.638821 -51.288567
-492.105046 -53.101266
-491.552744 -54.911966
-490.981935 -56.720599
-490.39264 -58.527097
-489.784883 -60.33139
-489.158685 -62.133413
-488.514071 -63.933096
-487.851065 -65.730372
-487.169691 -67.525173
-486.469976 -69.317432
-485.751945 -71.107082
-485.015627 -72.894054
-484.261047 -74.678282
-483.488236 -76.459698
-482.697221 -78.238235
-481.888033 -80.013827
-481.060702 -81.786407
-480.21526 -83.555907
-479.351737 -85.322261
-478.470168 -87.085403
-477.570584 -88.845266
-476.65302 -90.601785
-475.71751 -92.354892
-474.76409 -94.104522
-473.792796 -95.850609
-472.803663 -97.593088
-471.796729 -99.331892
-470.772033 -101.066956
-469.729612 -102.798215
-468.669506 -104.525604
-467.591755 -106.249058
-466.496399 -107.968511
-465.383481 -109.683899
-464.25304 -111.395158
-463.105121 -113.102223
-461.939766 -114.80503
-460.75702 -116.503514
-459.556926 -118.197612
-458.33953 -119.88726
-457.104878 -121.572394
-455.853016 -123.252951
-454.583992 -124.928868
-453.297852 -126.600081
-451.994647 -128.266528
-450.674424 -129.928146
-449.337233 -131.584872
-447.983125 -133.236643
-446.612151 -134.883399
-445.224362 -136.525076
-443.81981 -138.161613
-442.398549 -139.792949
-440.960632 -141.419021
-439.506113 -143.039769
-438.035047 -144.655132
-436.547489 -146.265048
-435.043496 -147.869458
-433.523123 -149.4683
-431.986428 -151.061515
-430.433469 -152.649043
-428.864305 -154.230823
-427.278994 -155.806797
-425.677597 -157.376905
-424.060172 -158.941087
-422.426783 -160.499286
-420.777489 -162.051442
-419.112353 -163.597497
-417.431437 -165.137392
-415.734806 -166.67107
-414.022523 -168.198473
-412.294651 -169.719543
-410.551257 -171.234224
-408.792407 -172.742457
-407.018165 -174.244187
-405.228599 -175.739357
-403.423777 -177.227911
-401.603766 -178.709791
-399.768635 -180.184944
-397.918452 -181.653312
-396.053289 -183.114842
-394.173214 -184.569477
-392.278299 -186.017164
-390.368614 -187.457846
-388.444233 -188.891472
-386.505227 -190.317985
-384.551669 -191.737333
-382.583633 -193.149463
-380.601193 -194.55432
-378.604423 -195.951853
-376.5934 -197.342008
-374.568197 -198.724733
-372.528893 -200.099977
-370.475563 -201.467686
-368.408284 -202.827811
-366.327136 -204.180299
-364.232195 -205.5251
-362.123541 -206.862163
-360.001254 -208.191438
-357.865413 -209.512875
-355.716098 -210.826423
-353.553391 -212.132034
-351.377372 -213.429659
-349.188125 -214.719248
-346.98573 -216.000752
-344.770272 -217.274125
-342.541834 -218.539317
-340.300499 -219.796282
-338.046352 -221.044971
-335.779477 -222.285338
-333.499961 -223.517336
-331.207889 -224.740918
-328.903347 -225.95604
-326.586421 -227.162654
-324.257201 -228.360716
-321.915771 -229.55018
-319.562222 -230.731001
-317.196642 -231.903136
-314.819119 -233.06654
-312.429744 -234.221169
-310.028606 -235.366979
-307.615795 -236.503928
-305.191403 -237.631973
-302.755521 -238.751071
-300.30824 -239.861181
-297.849652 -240.962259
-295.379851 -242.054266
-292.898929 -243.137159
-290.406979 -244.210899
-287.904096 -245.275444
-285.390373 -246.330754
-282.865905 -247.376791
-280.330788 -248.413514
-277.785117 -249.440884
-275.228986 -250.458862
-272.662494 -251.467412
-270.085736 -252.466493
-267.49881 -253.45607
-264.901812 -254.436103
-262.294841 -255.406558
-259.677995 -256.367397
-257.051372 -257.318583
-254.415071 -258.260082
-251.769192 -259.191857
-249.113833 -260.113874
-246.449096 -261.026097
-243.77508 -261.928494
-241.091886 -262.821028
-238.399615 -263.703668
-235.698368 -264.576379
-232.988248 -265.43913
-230.269355 -266.291886
-227.541794 -267.134617
-224.805665 -267.96729
-222.061072 -268.789875
-219.308119 -269.60234
-216.546909 -270.404654
-213.777547 -271.196788
-211.000135 -271.978711
-208.21478 -272.750395
-205.421586 -273.51181
-202.620657 -274.262927
-199.8121 -275.003718
-196.99602 -275.734156
-194.172523 -276.454212
-191.341716 -277.16386
-188.503705 -277.863073
-185.658597 -278.551824
-182.806499 -279.230088
-179.947518 -279.89784
-177.081763 -280.555053
-174.20934 -281.201704
-171.330359 -281.837767
-168.444927 -282.46322
-165.553153 -283.078037
-162.655146 -283.682198
-159.751015 -284.275677
-156.84087 -284.858454
-153.92482 -285.430506
-151.002975 -285.991812
-148.075444 -286.54235
-145.142339 -287.082101
-142.203769 -287.611042
-139.259845 -288.129156
-136.310678 -288.636421
-133.356379 -289.13282
-130.397059 -289.618333
-127.43283 -290.092941
-124.463803 -290.556628
-121.49009 -291.009376
-118.511803 -291.451167
-115.529054 -291.881986
-112.541956 -292.301815
-109.55062 -292.710639
-106.55516 -293.108443
-103.555688 -293.495211
-100.552317 -293.87093
-97.545161 -294.235584
-94.534332 -294.589161
-91.519944 -294.931646
-88.50211 -295.263028
-85.480944 -295.583293
-82.45656 -295.892429
-79.429072 -296.190425
-76.398593 -296.47727
-73.365237 -296.752953
-70.32912 -297.017463
-67.290354 -297.270791
-64.249055 -297.512926
-61.205338 -297.74386
-58.159315 -297.963585
-55.111104 -298.172091
-52.060817 -298.369371
-49.00857 -298.555418
-45.954478 -298.730224
-42.898656 -298.893784
-39.841219 -299.04609
-36.782282 -299.187137
-33.72196 -299.31692
-30.660368 -299.435434
-27.597622 -299.542674
-24.533837 -299.638637
-21.469128 -299.723318
-18.403611 -299.796715
-15.337402 -299.858825
-12.270614 -299.909646
-9.203365 -299.949175
-6.135769 -299.977411
-3.067942 -299.994353
0 -300
3.067942 -299.994353
6.135769 -299.977411
9.203365 -299.949175
12.270614 -299.909646
15.337402 -299.858825
18.403611 -299.796715
21.469128 -299.723318
24.533837 -299.638637
27.597622 -299.542674
30.660368 -299.435434
33.72196 -299.31692
36.782282 -299.187137
39.841219 -299.04609
42.898656 -298.893784
45.954478 -298.730224
49.00857 -298.555418
52.060817 -298.369371
55.111104 -298.172091
58.159315 -297.963585
61.205338 -297.74386
64.249055 -297.512926
67.290354 -297.270791
70.32912 -297.017463
73.365237 -296.752953
76.398593 -296.47727
79.429072 -296.190425
82.45656 -295.892429
85.480944 -295.583293
88.50211 -295.263028
91.519944 -294.931646
94.534332 -294.589161
97.545161 -294.235584
100.552317 -293.87093
103.555688 -293.495211
106.55516 -293.108443
109.55062 -292.710639
112.541956 -292.301815
115.529054 -291.881986
118.511803 -291.451167
121.49009 -291.009376
124.463803 -290.556628
127.43283 -290.092941
130.397059 -289.618333
133.356379 -289.13282
136.310678 -288.636421
139.259845 -288.129156
142.203769 -287.611042
145.142339 -287.082101
148.075444 -286.54235
151.002975 -285.991812
153.92482 -285.430506
156.84087 -284.858454
159.751015 -284.275677
162.655146 -283.682198
165.553153 -283.078037
168.444927 -282.46322
171.330359 -281.837767
174.20934 -281.201704
177.081763 -280.555053
179.947518 -279.89784
182.806499 -279.230088
185.658597 -278.551824
188.503705 -277.863073
191.341716 -277.16386
194.172523 -276.454212
196.99602 -275.734156
199.8121 -275.003718
202.620657 -274.262927
205.421586 -273.51181
208.21478 -272.750395
211.000135 -271.978711
213.777547 -271.196788
216.546909 -270.404654
219.308119 -269.60234
222.061072 -268.789875
224.805665 -267.96729
227.541794 -267.134617
230.269355 -266.291886
232.988248 -265.43913
235.698368 -264.576379
238.399615 -263.703668
241.091886 -262.821028
243.77508 -261.928494
246.449096 -261.026097
249.113833 -260.113874
251.769192 -259.191857
254.415071 -258.260082
257.051372 -257.318583
259.677995 -256.367397
262.294841 -255.406558
264.901812 -254.436103
267.49881 -253.45607
270.085736 -252.466493
272.662494 -251.467412
275.228986 -250.458862
277.785117 -249.440884
280.330788 -248.413514
282.865905 -247.376791
285.390373 -246.330754
287.904096 -245.275444
290.406979 -244.210899
292.898929 -243.137159
295.379851 -242.054266
297.849652 -240.962259
300.30824 -239.861181
302.755521 -238.751071
305.191403 -237.631973
307.615795 -236.503928
310.028606 -235.366979
312.429744 -234.221169
314.819119 -233.06654
317.196642 -231.903136
319.562222 -230.731001
321.915771 -229.55018
324.257201 -228.360716
326.586421 -227.162654
328.903347 -225.95604
331.207889 -224.740918
333.499961 -223.517336
335.779477 -222.285338
338.046352 -221.044971
340.300499 -219.796282
342.541834 -218.539317
344.770272 -217.274125
346.98573 -216.000752
349.188125 -214.719248
351.377372 -213.429659
353.553391 -212.132034
355.716098 -210.826423
357.865413 -209.512875
360.001254 -208.191438
362.123541 -206.862163
364.232195 -205.5251
366.327136 -204.180299
368.408284 -202.827811
370.475563 -201.467686
372.528893 -200.099977
374.568197 -198.724733
376.5934 -197.342008
378.604423 -195.951853
380.601193 -194.55432
382.583633 -193.149463
384.551669 -191.737333
386.505227 -190.317985
388.444233 -188.891472
390.368614 -187.457846
392.278299 -186.017164
394.173214 -184.569477
396.053289 -183.114842
397.918452 -181.653312
399.768635 -180.184944
401.603766 -178.709791
403.423777 -177.227911
405.228599 -175.739357
407.018165 -174.244187
408.792407 -172.742457
410.551257 -171.234224
412.294651 -169.719543
414.022523 -168.198473
415.734806 -166.67107
417.431437 -165.137392
419.112353 -163.597497
420.777489 -162.051442
422.426783 -160.499286
424.060172 -158.941087
425.677597 -157.376905
427.278994 -155.806797
428.864305 -154.230823
430.433469 -152.649043
431.986428 -151.061515
433.523123 -149.4683
435.043496 -147.869458
436.547489 -146.265048
438.035047 -144.655132
439.506113 -143.039769
440.960632 -141.419021
442.398549 -139.792949
443.81981 -138.161613
445.224362 -136.525076
446.612151 -134.883399
447.983125 -133.236643
449.337233 -131.584872
450.674424 -129.928146
451.994647 -128.266528
453.297852 -126.600081
454.583992 -124.928868
455.853016 -123.252951
457.104878 -121.572394
458.33953 -119.88726
459.556926 -118.197612
460.75702 -116.503514
461.939766 -114.80503
463.105121 -113.102223
464.25304 -111.395158
465.383481 -109.683899
466.496399 -107.968511
467.591755 -106.249058
468.669506 -104.525604
469.729612 -102.798215
470.772033 -101.066956
471.796729 -99.331892
472.803663 -97.593088
473.792796 -95.850609
474.76409 -94.104522
475.71751 -92.354892
476.65302 -90.601785
477.570584 -88.845266
478.470168 -87.085403
479.351737 -85.322261
480.21526 -83.555907
481.060702 -81.786407
481.888033 -80.013827
482.697221 -78.238235
483.488236 -76.459698
484.261047 -74.678282
485.015627 -72.894054
485.751945 -71.107082
486.469976 -69.317432
487.169691 -67.525173
487.851065 -65.730372
488.514071 -63.933096
489.158685 -62.133413
489.784883 -60.33139
490.39264 -58.527097
490.981935 -56.720599
491.552744 -54.911966
492.105046 -53.101266
492.638821 -51.288567
493.154049 -49.473936
493.650709 -47.657443
494.128784 -45.839156
494.588255 -44.019142
495.029105 -42.197472
495.451318 -40.374213
495.854877 -38.549433
496.239767 -36.723203
496.605975 -34.895589
496.953485 -33.066662
497.282285 -31.23649
497.592363 -29.405142
497.883707 -27.572687
498.156306 -25.739194
498.41015 -23.904731
498.645228 -22.069369
498.861533 -20.233176
499.059056 -18.396221
499.23779 -16.558573
499.397728 -14.720302
499.538864 -12.881477
499.661192 -11.042167
499.764709 -9.202441
499.849409 -7.362369
499.915291 -5.522019
499.962351 -3.681461
499.990588 -1.840765







































































































































































































































































































































































































































































































































































































































































































































































































































































































































































































































































































































































































































































































































































































































































































































































































































































































































































































































































































































































































































































































































































































































































































































































































































































































































































































































































































































































































































































































































































































































































































































































































































































































































































































































































































































































































































































































































































































































































































































































































































































































































































































































































































































































































































































































































































































































































































































































































































































































































































































































































































































































































































































































































































































































































































































































































































































































































































































































































































































































































































































































































































































































































































































































































































































































































































































































































































































































































































































































































































































































































































































































































































































































































































































































































































































































































































































































































































































































































































































































































































































































































































































































































































































































































































































































































































































































































































































































































































































































































































































































































































































































































































































































































































































































































































































































































































































































































































































































































































































































































































































































































































































































































































































































































































































































































































































































































































































































































































































































































































































































































































































































































































































































































































































































































































































































































































































































































































































































































































































































































































































































































































































































































































































































































































































































































































































































































































































































































































































































































































































































































































































































































































































































































































































































































































































































































































































































































































































































































































































































































































































































































































































































































































































































































































































































































































































































































































































































































































































































































































































































































































































































































































































































































































































































































































































































































































































































































































































































































































































































































































































































































































































































































































































































































































































































































































































































































































































































































































































































































































































































































































































































































































































































































































































































































































































































































































































































































































































































































































































































































































































































































































































































































































































































































































































































































































































































































































































































































































































































































































































































































































































































































































































































































































































































































































































































































































































































































































































































































































































































































































































































































































































































































































































































































































































































































































































































































































































































































































































































































































































































































































































































































































































































































































































































































































































































































































































































































































































































































































































































































































































































































































































































































































































































































































































































































































































































































































































































































































































































































































































































































































































































































































































































































































































































































































































































































































































































































































































































































































































































































































































































































































































































































































































































































































































































































































































































































































































































































































































































































































































































































































































































































































































































































































































































































































































































































































































































































































































































































































































































































































































































































































































































































































































































































































































































































































































































































































































































































































































































































































































































































































































































































































































































































































































































































































































































































































































































































































































































































































































































































































































































































































































































































































































































































































































































































































































































































































































































































































































































































































































































































































































































































































































































































































































































































































































































































































































































































































































































































































































































































































































































































































































































































































































































































































































































































































































































































































































































































































































































































































































































































































































































































































































































































































































































































































































































































































































































































































































































































































































































































































































































































































































































































































































































































































































































































































































































































































































































































































































































































































































































































































































































































































































































































































































































































































































































































































































































































































































































































































































































































































































































